Por filas: //Letra Entrada Salida
A
-0.5 -0.5 0.5 0.5 0.5 -0.5 -0.5 -0.5 0.5 -0.5 -0.5 -0.5 0.5 -0.5 0.5 -0.5 -0.5 -0.5 -0.5 -0.5 0.5 0.5 0.5 0.5 0.5 0.5 0.5 0.5 0.5 -0.5 -0.5 -0.5 -0.5 -0.5 0.5 0.5 -0.5 -0.5 -0.5 -0.5 -0.5 0.5 0.5 -0.5 -0.5 -0.5 -0.5 -0.5 0.5 0.5 -0.5 -0.5 -0.5 -0.5 -0.5 0.5 
0.5 -0.5 -0.5 -0.5 -0.5 -0.5 -0.5 -0.5 -0.5 -0.5 -0.5 -0.5 -0.5 -0.5 -0.5 -0.5 -0.5 -0.5 -0.5 -0.5 -0.5 -0.5 -0.5 -0.5 -0.5 -0.5 
B
0.5 0.5 0.5 0.5 0.5 0.5 -0.5 0.5 -0.5 -0.5 -0.5 -0.5 -0.5 0.5 0.5 -0.5 -0.5 -0.5 -0.5 -0.5 0.5 0.5 0.5 0.5 0.5 0.5 0.5 -0.5 0.5 -0.5 -0.5 -0.5 -0.5 -0.5 0.5 0.5 -0.5 -0.5 -0.5 -0.5 -0.5 0.5 0.5 -0.5 -0.5 -0.5 -0.5 -0.5 0.5 0.5 0.5 0.5 0.5 0.5 0.5 -0.5 
-0.5 0.5 -0.5 -0.5 -0.5 -0.5 -0.5 -0.5 -0.5 -0.5 -0.5 -0.5 -0.5 -0.5 -0.5 -0.5 -0.5 -0.5 -0.5 -0.5 -0.5 -0.5 -0.5 -0.5 -0.5 -0.5 
C
-0.5 -0.5 0.5 0.5 0.5 0.5 -0.5 -0.5 0.5 -0.5 -0.5 -0.5 -0.5 -0.5 0.5 -0.5 -0.5 -0.5 -0.5 -0.5 -0.5 0.5 -0.5 -0.5 -0.5 -0.5 -0.5 -0.5 0.5 -0.5 -0.5 -0.5 -0.5 -0.5 -0.5 0.5 -0.5 -0.5 -0.5 -0.5 -0.5 -0.5 -0.5 0.5 -0.5 -0.5 -0.5 -0.5 -0.5 -0.5 -0.5 0.5 0.5 0.5 0.5 -0.5 
-0.5 -0.5 0.5 -0.5 -0.5 -0.5 -0.5 -0.5 -0.5 -0.5 -0.5 -0.5 -0.5 -0.5 -0.5 -0.5 -0.5 -0.5 -0.5 -0.5 -0.5 -0.5 -0.5 -0.5 -0.5 -0.5 
D
0.5 0.5 0.5 0.5 0.5 -0.5 -0.5 0.5 -0.5 -0.5 -0.5 -0.5 0.5 -0.5 0.5 -0.5 -0.5 -0.5 -0.5 -0.5 0.5 0.5 -0.5 -0.5 -0.5 -0.5 -0.5 0.5 0.5 -0.5 -0.5 -0.5 -0.5 -0.5 0.5 0.5 -0.5 -0.5 -0.5 -0.5 -0.5 0.5 0.5 -0.5 -0.5 -0.5 -0.5 0.5 -0.5 0.5 0.5 0.5 0.5 0.5 -0.5 -0.5 
-0.5 -0.5 -0.5 0.5 -0.5 -0.5 -0.5 -0.5 -0.5 -0.5 -0.5 -0.5 -0.5 -0.5 -0.5 -0.5 -0.5 -0.5 -0.5 -0.5 -0.5 -0.5 -0.5 -0.5 -0.5 -0.5 
E
0.5 0.5 0.5 0.5 0.5 0.5 0.5 0.5 -0.5 -0.5 -0.5 -0.5 -0.5 -0.5 0.5 -0.5 -0.5 -0.5 -0.5 -0.5 -0.5 0.5 0.5 0.5 0.5 0.5 0.5 -0.5 0.5 -0.5 -0.5 -0.5 -0.5 -0.5 -0.5 0.5 -0.5 -0.5 -0.5 -0.5 -0.5 -0.5 0.5 -0.5 -0.5 -0.5 -0.5 -0.5 -0.5 0.5 0.5 0.5 0.5 0.5 0.5 0.5 
-0.5 -0.5 -0.5 -0.5 0.5 -0.5 -0.5 -0.5 -0.5 -0.5 -0.5 -0.5 -0.5 -0.5 -0.5 -0.5 -0.5 -0.5 -0.5 -0.5 -0.5 -0.5 -0.5 -0.5 -0.5 -0.5 
F
0.5 0.5 0.5 0.5 0.5 0.5 0.5 0.5 -0.5 -0.5 -0.5 -0.5 -0.5 -0.5 0.5 -0.5 -0.5 -0.5 -0.5 -0.5 -0.5 0.5 0.5 0.5 0.5 -0.5 -0.5 -0.5 0.5 -0.5 -0.5 -0.5 -0.5 -0.5 -0.5 0.5 -0.5 -0.5 -0.5 -0.5 -0.5 -0.5 0.5 -0.5 -0.5 -0.5 -0.5 -0.5 -0.5 0.5 -0.5 -0.5 -0.5 -0.5 -0.5 -0.5 
-0.5 -0.5 -0.5 -0.5 -0.5 0.5 -0.5 -0.5 -0.5 -0.5 -0.5 -0.5 -0.5 -0.5 -0.5 -0.5 -0.5 -0.5 -0.5 -0.5 -0.5 -0.5 -0.5 -0.5 -0.5 -0.5 
G
-0.5 -0.5 0.5 0.5 0.5 0.5 0.5 -0.5 0.5 -0.5 -0.5 -0.5 -0.5 -0.5 0.5 -0.5 -0.5 -0.5 -0.5 -0.5 -0.5 0.5 -0.5 -0.5 -0.5 -0.5 -0.5 -0.5 0.5 -0.5 -0.5 -0.5 0.5 0.5 -0.5 0.5 -0.5 -0.5 -0.5 -0.5 -0.5 0.5 -0.5 0.5 -0.5 -0.5 -0.5 0.5 -0.5 -0.5 -0.5 0.5 0.5 0.5 -0.5 -0.5 
-0.5 -0.5 -0.5 -0.5 -0.5 -0.5 0.5 -0.5 -0.5 -0.5 -0.5 -0.5 -0.5 -0.5 -0.5 -0.5 -0.5 -0.5 -0.5 -0.5 -0.5 -0.5 -0.5 -0.5 -0.5 -0.5 
H
0.5 -0.5 -0.5 -0.5 -0.5 -0.5 0.5 0.5 -0.5 -0.5 -0.5 -0.5 -0.5 0.5 0.5 -0.5 -0.5 -0.5 -0.5 -0.5 0.5 0.5 0.5 0.5 0.5 0.5 0.5 0.5 0.5 -0.5 -0.5 -0.5 -0.5 -0.5 0.5 0.5 -0.5 -0.5 -0.5 -0.5 -0.5 0.5 0.5 -0.5 -0.5 -0.5 -0.5 -0.5 0.5 0.5 -0.5 -0.5 -0.5 -0.5 -0.5 0.5 
-0.5 -0.5 -0.5 -0.5 -0.5 -0.5 -0.5 0.5 -0.5 -0.5 -0.5 -0.5 -0.5 -0.5 -0.5 -0.5 -0.5 -0.5 -0.5 -0.5 -0.5 -0.5 -0.5 -0.5 -0.5 -0.5 
I
-0.5 -0.5 -0.5 0.5 -0.5 -0.5 -0.5 -0.5 -0.5 -0.5 0.5 -0.5 -0.5 -0.5 -0.5 -0.5 -0.5 0.5 -0.5 -0.5 -0.5 -0.5 -0.5 -0.5 0.5 -0.5 -0.5 -0.5 -0.5 -0.5 -0.5 0.5 -0.5 -0.5 -0.5 -0.5 -0.5 -0.5 0.5 -0.5 -0.5 -0.5 -0.5 -0.5 -0.5 0.5 -0.5 -0.5 -0.5 -0.5 -0.5 -0.5 0.5 -0.5 -0.5 -0.5 
-0.5 -0.5 -0.5 -0.5 -0.5 -0.5 -0.5 -0.5 0.5 -0.5 -0.5 -0.5 -0.5 -0.5 -0.5 -0.5 -0.5 -0.5 -0.5 -0.5 -0.5 -0.5 -0.5 -0.5 -0.5 -0.5 
J
-0.5 -0.5 -0.5 -0.5 -0.5 -0.5 0.5 -0.5 -0.5 -0.5 -0.5 -0.5 -0.5 0.5 -0.5 -0.5 -0.5 -0.5 -0.5 -0.5 0.5 -0.5 -0.5 -0.5 -0.5 -0.5 -0.5 0.5 -0.5 -0.5 -0.5 -0.5 -0.5 -0.5 0.5 -0.5 -0.5 -0.5 -0.5 -0.5 -0.5 0.5 -0.5 0.5 -0.5 -0.5 -0.5 0.5 -0.5 -0.5 -0.5 0.5 0.5 0.5 -0.5 -0.5 
-0.5 -0.5 -0.5 -0.5 -0.5 -0.5 -0.5 -0.5 -0.5 0.5 -0.5 -0.5 -0.5 -0.5 -0.5 -0.5 -0.5 -0.5 -0.5 -0.5 -0.5 -0.5 -0.5 -0.5 -0.5 -0.5 
K
0.5 -0.5 -0.5 -0.5 -0.5 0.5 0.5 0.5 -0.5 -0.5 -0.5 0.5 0.5 -0.5 0.5 -0.5 -0.5 0.5 0.5 -0.5 -0.5 0.5 0.5 0.5 0.5 -0.5 -0.5 -0.5 0.5 -0.5 0.5 0.5 -0.5 -0.5 -0.5 0.5 -0.5 -0.5 0.5 0.5 -0.5 -0.5 0.5 -0.5 -0.5 -0.5 0.5 0.5 -0.5 0.5 -0.5 -0.5 -0.5 -0.5 0.5 0.5 
-0.5 -0.5 -0.5 -0.5 -0.5 -0.5 -0.5 -0.5 -0.5 -0.5 0.5 -0.5 -0.5 -0.5 -0.5 -0.5 -0.5 -0.5 -0.5 -0.5 -0.5 -0.5 -0.5 -0.5 -0.5 -0.5 
L
0.5 -0.5 -0.5 -0.5 -0.5 -0.5 -0.5 0.5 -0.5 -0.5 -0.5 -0.5 -0.5 -0.5 0.5 -0.5 -0.5 -0.5 -0.5 -0.5 -0.5 0.5 -0.5 -0.5 -0.5 -0.5 -0.5 -0.5 0.5 -0.5 -0.5 -0.5 -0.5 -0.5 -0.5 0.5 -0.5 -0.5 -0.5 -0.5 -0.5 -0.5 0.5 -0.5 -0.5 -0.5 -0.5 -0.5 -0.5 0.5 0.5 0.5 0.5 0.5 0.5 -0.5 
-0.5 -0.5 -0.5 -0.5 -0.5 -0.5 -0.5 -0.5 -0.5 -0.5 -0.5 0.5 -0.5 -0.5 -0.5 -0.5 -0.5 -0.5 -0.5 -0.5 -0.5 -0.5 -0.5 -0.5 -0.5 -0.5 
M
0.5 0.5 -0.5 -0.5 -0.5 0.5 0.5 0.5 0.5 0.5 -0.5 0.5 0.5 0.5 0.5 -0.5 0.5 0.5 0.5 -0.5 0.5 0.5 -0.5 -0.5 0.5 -0.5 -0.5 0.5 0.5 -0.5 -0.5 -0.5 -0.5 -0.5 0.5 0.5 -0.5 -0.5 -0.5 -0.5 -0.5 0.5 0.5 -0.5 -0.5 -0.5 -0.5 -0.5 0.5 0.5 -0.5 -0.5 -0.5 -0.5 -0.5 0.5 
-0.5 -0.5 -0.5 -0.5 -0.5 -0.5 -0.5 -0.5 -0.5 -0.5 -0.5 -0.5 0.5 -0.5 -0.5 -0.5 -0.5 -0.5 -0.5 -0.5 -0.5 -0.5 -0.5 -0.5 -0.5 -0.5 
N
0.5 -0.5 -0.5 -0.5 -0.5 -0.5 0.5 0.5 0.5 -0.5 -0.5 -0.5 -0.5 0.5 0.5 0.5 0.5 -0.5 -0.5 -0.5 0.5 0.5 -0.5 0.5 0.5 -0.5 -0.5 0.5 0.5 -0.5 -0.5 0.5 0.5 -0.5 0.5 0.5 -0.5 -0.5 -0.5 0.5 0.5 0.5 0.5 -0.5 -0.5 -0.5 -0.5 0.5 0.5 0.5 -0.5 -0.5 -0.5 -0.5 -0.5 0.5 
-0.5 -0.5 -0.5 -0.5 -0.5 -0.5 -0.5 -0.5 -0.5 -0.5 -0.5 -0.5 -0.5 0.5 -0.5 -0.5 -0.5 -0.5 -0.5 -0.5 -0.5 -0.5 -0.5 -0.5 -0.5 -0.5 
O
-0.5 0.5 0.5 0.5 0.5 0.5 -0.5 0.5 0.5 -0.5 -0.5 -0.5 0.5 0.5 0.5 -0.5 -0.5 -0.5 -0.5 -0.5 0.5 0.5 -0.5 -0.5 -0.5 -0.5 -0.5 0.5 0.5 -0.5 -0.5 -0.5 -0.5 -0.5 0.5 0.5 -0.5 -0.5 -0.5 -0.5 -0.5 0.5 0.5 0.5 -0.5 -0.5 -0.5 0.5 0.5 -0.5 0.5 0.5 0.5 0.5 0.5 -0.5 
-0.5 -0.5 -0.5 -0.5 -0.5 -0.5 -0.5 -0.5 -0.5 -0.5 -0.5 -0.5 -0.5 -0.5 0.5 -0.5 -0.5 -0.5 -0.5 -0.5 -0.5 -0.5 -0.5 -0.5 -0.5 -0.5 
P
0.5 0.5 0.5 0.5 0.5 0.5 -0.5 0.5 -0.5 -0.5 -0.5 -0.5 -0.5 0.5 0.5 -0.5 -0.5 -0.5 -0.5 -0.5 0.5 0.5 0.5 0.5 0.5 0.5 0.5 -0.5 0.5 -0.5 -0.5 -0.5 -0.5 -0.5 -0.5 0.5 -0.5 -0.5 -0.5 -0.5 -0.5 -0.5 0.5 -0.5 -0.5 -0.5 -0.5 -0.5 -0.5 0.5 -0.5 -0.5 -0.5 -0.5 -0.5 -0.5 
-0.5 -0.5 -0.5 -0.5 -0.5 -0.5 -0.5 -0.5 -0.5 -0.5 -0.5 -0.5 -0.5 -0.5 -0.5 0.5 -0.5 -0.5 -0.5 -0.5 -0.5 -0.5 -0.5 -0.5 -0.5 -0.5 
Q
-0.5 -0.5 0.5 0.5 0.5 -0.5 -0.5 -0.5 0.5 -0.5 -0.5 -0.5 0.5 -0.5 0.5 -0.5 -0.5 -0.5 -0.5 -0.5 0.5 0.5 -0.5 -0.5 -0.5 -0.5 -0.5 0.5 0.5 -0.5 -0.5 -0.5 -0.5 -0.5 0.5 0.5 -0.5 -0.5 0.5 -0.5 -0.5 0.5 -0.5 0.5 0.5 0.5 0.5 0.5 -0.5 -0.5 -0.5 -0.5 -0.5 -0.5 0.5 -0.5 
-0.5 -0.5 -0.5 -0.5 -0.5 -0.5 -0.5 -0.5 -0.5 -0.5 -0.5 -0.5 -0.5 -0.5 -0.5 -0.5 0.5 -0.5 -0.5 -0.5 -0.5 -0.5 -0.5 -0.5 -0.5 -0.5 
R
0.5 0.5 0.5 0.5 0.5 0.5 -0.5 0.5 -0.5 -0.5 -0.5 -0.5 -0.5 0.5 0.5 -0.5 -0.5 -0.5 -0.5 -0.5 0.5 0.5 0.5 0.5 0.5 0.5 0.5 -0.5 0.5 -0.5 0.5 0.5 -0.5 -0.5 -0.5 0.5 -0.5 -0.5 0.5 0.5 -0.5 -0.5 0.5 -0.5 -0.5 -0.5 0.5 0.5 -0.5 0.5 -0.5 -0.5 -0.5 -0.5 0.5 0.5 
-0.5 -0.5 -0.5 -0.5 -0.5 -0.5 -0.5 -0.5 -0.5 -0.5 -0.5 -0.5 -0.5 -0.5 -0.5 -0.5 -0.5 0.5 -0.5 -0.5 -0.5 -0.5 -0.5 -0.5 -0.5 -0.5 
S
-0.5 0.5 0.5 0.5 0.5 0.5 0.5 0.5 0.5 -0.5 -0.5 -0.5 -0.5 -0.5 0.5 0.5 -0.5 -0.5 -0.5 -0.5 -0.5 -0.5 0.5 0.5 0.5 0.5 0.5 -0.5 -0.5 -0.5 -0.5 -0.5 -0.5 0.5 0.5 -0.5 -0.5 -0.5 -0.5 -0.5 -0.5 0.5 -0.5 -0.5 -0.5 -0.5 -0.5 0.5 0.5 0.5 0.5 0.5 0.5 0.5 0.5 -0.5 
-0.5 -0.5 -0.5 -0.5 -0.5 -0.5 -0.5 -0.5 -0.5 -0.5 -0.5 -0.5 -0.5 -0.5 -0.5 -0.5 -0.5 -0.5 0.5 -0.5 -0.5 -0.5 -0.5 -0.5 -0.5 -0.5 
T
0.5 0.5 0.5 0.5 0.5 0.5 0.5 -0.5 -0.5 -0.5 0.5 -0.5 -0.5 -0.5 -0.5 -0.5 -0.5 0.5 -0.5 -0.5 -0.5 -0.5 -0.5 -0.5 0.5 -0.5 -0.5 -0.5 -0.5 -0.5 -0.5 0.5 -0.5 -0.5 -0.5 -0.5 -0.5 -0.5 0.5 -0.5 -0.5 -0.5 -0.5 -0.5 -0.5 0.5 -0.5 -0.5 -0.5 -0.5 -0.5 -0.5 0.5 -0.5 -0.5 -0.5 
-0.5 -0.5 -0.5 -0.5 -0.5 -0.5 -0.5 -0.5 -0.5 -0.5 -0.5 -0.5 -0.5 -0.5 -0.5 -0.5 -0.5 -0.5 -0.5 0.5 -0.5 -0.5 -0.5 -0.5 -0.5 -0.5 
U
0.5 -0.5 -0.5 -0.5 -0.5 -0.5 0.5 0.5 -0.5 -0.5 -0.5 -0.5 -0.5 0.5 0.5 -0.5 -0.5 -0.5 -0.5 -0.5 0.5 0.5 -0.5 -0.5 -0.5 -0.5 -0.5 0.5 0.5 -0.5 -0.5 -0.5 -0.5 -0.5 0.5 0.5 -0.5 -0.5 -0.5 -0.5 -0.5 0.5 -0.5 0.5 -0.5 -0.5 -0.5 0.5 -0.5 -0.5 0.5 0.5 0.5 0.5 0.5 -0.5 
-0.5 -0.5 -0.5 -0.5 -0.5 -0.5 -0.5 -0.5 -0.5 -0.5 -0.5 -0.5 -0.5 -0.5 -0.5 -0.5 -0.5 -0.5 -0.5 -0.5 0.5 -0.5 -0.5 -0.5 -0.5 -0.5 
V
0.5 -0.5 -0.5 -0.5 -0.5 -0.5 0.5 0.5 -0.5 -0.5 -0.5 -0.5 -0.5 0.5 0.5 -0.5 -0.5 -0.5 -0.5 -0.5 0.5 0.5 0.5 -0.5 -0.5 -0.5 0.5 0.5 -0.5 0.5 -0.5 -0.5 -0.5 0.5 -0.5 -0.5 0.5 0.5 -0.5 0.5 0.5 -0.5 -0.5 -0.5 0.5 -0.5 0.5 -0.5 -0.5 -0.5 -0.5 0.5 0.5 0.5 -0.5 -0.5 
-0.5 -0.5 -0.5 -0.5 -0.5 -0.5 -0.5 -0.5 -0.5 -0.5 -0.5 -0.5 -0.5 -0.5 -0.5 -0.5 -0.5 -0.5 -0.5 -0.5 -0.5 0.5 -0.5 -0.5 -0.5 -0.5 
W
0.5 -0.5 -0.5 -0.5 -0.5 -0.5 0.5 0.5 -0.5 -0.5 -0.5 -0.5 -0.5 0.5 0.5 -0.5 -0.5 -0.5 -0.5 -0.5 0.5 0.5 -0.5 -0.5 -0.5 -0.5 -0.5 0.5 0.5 -0.5 -0.5 0.5 -0.5 -0.5 0.5 0.5 -0.5 0.5 0.5 0.5 -0.5 0.5 0.5 0.5 0.5 -0.5 0.5 0.5 0.5 -0.5 0.5 -0.5 -0.5 -0.5 0.5 -0.5 
-0.5 -0.5 -0.5 -0.5 -0.5 -0.5 -0.5 -0.5 -0.5 -0.5 -0.5 -0.5 -0.5 -0.5 -0.5 -0.5 -0.5 -0.5 -0.5 -0.5 -0.5 -0.5 0.5 -0.5 -0.5 -0.5 
X
0.5 -0.5 -0.5 -0.5 -0.5 -0.5 0.5 0.5 0.5 -0.5 -0.5 -0.5 0.5 0.5 -0.5 0.5 0.5 -0.5 0.5 0.5 -0.5 -0.5 -0.5 0.5 0.5 0.5 -0.5 -0.5 -0.5 -0.5 0.5 0.5 0.5 -0.5 -0.5 -0.5 0.5 0.5 -0.5 0.5 0.5 -0.5 0.5 0.5 -0.5 -0.5 -0.5 0.5 0.5 0.5 -0.5 -0.5 -0.5 -0.5 -0.5 0.5 
-0.5 -0.5 -0.5 -0.5 -0.5 -0.5 -0.5 -0.5 -0.5 -0.5 -0.5 -0.5 -0.5 -0.5 -0.5 -0.5 -0.5 -0.5 -0.5 -0.5 -0.5 -0.5 -0.5 0.5 -0.5 -0.5 
Y
0.5 -0.5 -0.5 -0.5 -0.5 -0.5 0.5 0.5 0.5 -0.5 -0.5 -0.5 0.5 0.5 -0.5 0.5 0.5 -0.5 0.5 0.5 -0.5 -0.5 -0.5 0.5 0.5 0.5 -0.5 -0.5 -0.5 -0.5 -0.5 0.5 -0.5 -0.5 -0.5 -0.5 -0.5 -0.5 0.5 -0.5 -0.5 -0.5 -0.5 -0.5 -0.5 0.5 -0.5 -0.5 -0.5 -0.5 -0.5 -0.5 0.5 -0.5 -0.5 -0.5 
-0.5 -0.5 -0.5 -0.5 -0.5 -0.5 -0.5 -0.5 -0.5 -0.5 -0.5 -0.5 -0.5 -0.5 -0.5 -0.5 -0.5 -0.5 -0.5 -0.5 -0.5 -0.5 -0.5 -0.5 0.5 -0.5 
Z
0.5 0.5 0.5 0.5 0.5 0.5 0.5 -0.5 -0.5 -0.5 -0.5 -0.5 0.5 0.5 -0.5 -0.5 -0.5 -0.5 0.5 0.5 -0.5 -0.5 -0.5 -0.5 0.5 0.5 -0.5 -0.5 -0.5 -0.5 0.5 0.5 -0.5 -0.5 -0.5 -0.5 0.5 0.5 -0.5 -0.5 -0.5 -0.5 0.5 0.5 -0.5 -0.5 -0.5 -0.5 -0.5 0.5 0.5 0.5 0.5 0.5 0.5 0.5 
-0.5 -0.5 -0.5 -0.5 -0.5 -0.5 -0.5 -0.5 -0.5 -0.5 -0.5 -0.5 -0.5 -0.5 -0.5 -0.5 -0.5 -0.5 -0.5 -0.5 -0.5 -0.5 -0.5 -0.5 -0.5 0.5 