#Clase de arma	Municion 
0.191509	0.318421	0.133048	0.047258	0.049233	0.071748	0.077111	0.025341	0.027596	0.008016	0.016670	0.018971	0.003751	0.004191	0.002482	Pist1 
0.202682	0.272697	0.146491	0.064004	0.078790	0.069559	0.051409	0.035159	0.036808	0.011776	0.004992	0.002596	0.004713	0.005876	0.008201	Pist1 
0.191688	0.343467	0.156042	0.045737	0.053912	0.052222	0.062927	0.018045	0.014991	0.019040	0.025610	0.006357	0.002548	0.001366	0.000947	Pist1 
0.224437	0.329181	0.135836	0.049953	0.037163	0.034610	0.088650	0.024064	0.021377	0.009595	0.020756	0.008887	0.003272	0.005000	0.002288	Pist1 
0.184038	0.276682	0.155183	0.082651	0.106545	0.044130	0.050837	0.032670	0.019278	0.011337	0.003738	0.004252	0.008798	0.003858	0.011053	Pist2 
0.214012	0.288411	0.172159	0.085564	0.061959	0.036153	0.045984	0.033000	0.017591	0.014453	0.004539	0.005697	0.007322	0.005360	0.002307	Pist2 
0.201681	0.264263	0.149496	0.081212	0.117766	0.042547	0.034662	0.037193	0.030062	0.009520	0.002655	0.003899	0.008411	0.003641	0.007963	Pist2 
0.198658	0.251097	0.171507	0.069851	0.099038	0.045979	0.042568	0.035935	0.029776	0.011653	0.007790	0.004567	0.011397	0.004132	0.010653	Pist2
0.174349	0.228366	0.124463	0.070065	0.126582	0.097665	0.047643	0.019408	0.029252	0.012392	0.017104	0.013322	0.011546	0.014486	0.009459	Pist1 
0.172951	0.288283	0.129356	0.096442	0.122470	0.053541	0.022089	0.033385	0.050211	0.009118	0.005219	0.002882	0.004554	0.001888	0.003956	Pist1 
0.183025	0.276787	0.100106	0.070455	0.127022	0.081962	0.037639	0.025770	0.042650	0.019103	0.008082	0.004262	0.008581	0.003032	0.008017	Pist1 
0.151801	0.298238	0.121068	0.064475	0.151521	0.090292	0.041100	0.024144	0.025343	0.010932	0.003524	0.002807	0.005950	0.002129	0.002677	Pist1 
0.158027	0.305113	0.122440	0.058403	0.148116	0.079065	0.024795	0.018815	0.037113	0.009896	0.009437	0.005669	0.008272	0.004509	0.006480	Pist1 
0.153229	0.264272	0.102885	0.061904	0.170650	0.092109	0.022802	0.030192	0.051289	0.014458	0.003620	0.007349	0.011056	0.003902	0.006761	Pist1 
0.148612	0.288975	0.120301	0.097093	0.112350	0.064368	0.028716	0.044234	0.053151	0.014539	0.007548	0.003698	0.008038	0.001107	0.003419	Pist1 
0.173422	0.294545	0.137312	0.055926	0.153829	0.049827	0.043416	0.022317	0.031473	0.013948	0.003352	0.002735	0.005202	0.006056	0.002294	Pist1 
0.159237	0.274651	0.119051	0.084048	0.098722	0.103602	0.031580	0.029591	0.033988	0.022994	0.013313	0.005644	0.014851	0.003261	0.001200	Pist1 
0.147406	0.298335	0.117435	0.074397	0.146481	0.065289	0.028879	0.034636	0.030922	0.014001	0.014901	0.003646	0.011043	0.006058	0.002629	Pist1 
0.222890	0.240963	0.164121	0.057984	0.102685	0.080538	0.041811	0.035016	0.019779	0.011995	0.003702	0.003503	0.003042	0.003397	0.005216	Pist2 
0.197612	0.289028	0.151410	0.041082	0.104296	0.059454	0.067635	0.029613	0.020622	0.010247	0.006433	0.008491	0.002963	0.003164	0.004127	Pist2 
0.206144	0.264398	0.135421	0.052700	0.130664	0.069462	0.039422	0.028591	0.025617	0.020638	0.002470	0.000717	0.007467	0.006166	0.006774	Pist2 
0.184303	0.253408	0.158741	0.047523	0.134292	0.073593	0.046717	0.027820	0.024468	0.009838	0.005635	0.012094	0.002570	0.009414	0.005687	Pist2 
0.182395	0.293372	0.124207	0.049507	0.131188	0.060850	0.050917	0.033504	0.024933	0.010785	0.005221	0.015187	0.005584	0.005336	0.003443	Pist2 
0.214738	0.254952	0.155145	0.054796	0.123525	0.056031	0.051572	0.029577	0.022393	0.014864	0.000637	0.005713	0.005297	0.003226	0.004233	Pist2 
0.202910	0.268101	0.156919	0.057532	0.134576	0.056091	0.043564	0.027350	0.021358	0.008142	0.002676	0.005700	0.002722	0.003676	0.005515	Pist2 
0.188051	0.309939	0.135658	0.043758	0.106876	0.060618	0.060146	0.017926	0.033852	0.013955	0.005359	0.002999	0.007096	0.004289	0.005450	Pist2 
0.201946	0.276833	0.119419	0.050445	0.143253	0.088510	0.026629	0.028329	0.026409	0.011124	0.002774	0.008289	0.005634	0.003658	0.003152	Pist2 
0.190064	0.288527	0.122912	0.065406	0.154247	0.048964	0.038960	0.031257	0.027367	0.009031	0.002908	0.005953	0.001778	0.006246	0.002492	Pist2 
0.096610	0.306845	0.324989	0.116094	0.014188	0.013933	0.026554	0.006075	0.003181	0.003165	0.023009	0.024146	0.011740	0.011282	0.012671	Rev3 
0.086224	0.291901	0.290687	0.139742	0.024085	0.012279	0.033760	0.023406	0.012781	0.010182	0.020341	0.025131	0.004810	0.008424	0.009891	Rev3 
0.083935	0.287362	0.317866	0.126386	0.021612	0.017810	0.032786	0.013700	0.008225	0.025577	0.017792	0.022099	0.002560	0.004600	0.011865	Rev3 
0.102203	0.271400	0.247042	0.159999	0.036782	0.017114	0.045540	0.021253	0.013768	0.024672	0.013826	0.019851	0.003403	0.007947	0.009467	Rev3 
0.107663	0.330422	0.271814	0.117098	0.015255	0.010263	0.010625	0.010537	0.022196	0.011464	0.010532	0.040197	0.006543	0.012768	0.017150	Rev4 
0.130841	0.304355	0.254828	0.102654	0.008986	0.018287	0.026672	0.008691	0.018961	0.014051	0.019427	0.025744	0.017392	0.033568	0.010361	Rev4 
0.111461	0.287767	0.226166	0.135599	0.021282	0.021361	0.012587	0.024424	0.043928	0.015433	0.005789	0.042688	0.016235	0.011549	0.018406	Rev4 
0.128034	0.268539	0.223742	0.162244	0.029735	0.008963	0.014152	0.029492	0.022398	0.018641	0.010403	0.048500	0.011367	0.011722	0.007275	Rev4 
0.135851	0.277716	0.144814	0.099366	0.039476	0.007559	0.050826	0.043736	0.037633	0.033646	0.073543	0.009939	0.023078	0.006698	0.010817	Rev5 
0.138747	0.320832	0.169947	0.062183	0.017521	0.020372	0.048491	0.061298	0.024165	0.030844	0.036108	0.006656	0.018715	0.013468	0.025339	Rev5 
0.122154	0.282634	0.206000	0.094479	0.027809	0.008139	0.027339	0.058438	0.036792	0.013222	0.029486	0.012566	0.025436	0.015465	0.034417	Rev5 
0.117088	0.291575	0.205056	0.085667	0.016691	0.007796	0.044761	0.069711	0.031084	0.018865	0.032356	0.011062	0.023504	0.013833	0.025488	Rev5 
0.135839	0.291940	0.192324	0.121818	0.034938	0.010150	0.051158	0.030549	0.026106	0.049499	0.023232	0.008975	0.006473	0.006181	0.005545	Rev6 
0.137721	0.294822	0.194259	0.109757	0.031316	0.009091	0.047125	0.045655	0.029845	0.032863	0.012905	0.017224	0.011031	0.007309	0.013603	Rev6 
0.134201	0.286696	0.165633	0.085242	0.033854	0.008451	0.053400	0.049992	0.058940	0.050816	0.039582	0.015673	0.005345	0.002603	0.003888	Rev6 
0.121611	0.271200	0.191993	0.099438	0.033622	0.006588	0.052962	0.031226	0.048275	0.041615	0.033678	0.023369	0.012865	0.006629	0.019399	Rev6 
0.142921	0.290126	0.178261	0.099572	0.017017	0.021437	0.049636	0.028376	0.029632	0.046061	0.038064	0.020350	0.014290	0.013575	0.005383	Rev3 
0.144848	0.288129	0.221301	0.131833	0.036498	0.036338	0.037919	0.019065	0.021016	0.019100	0.013495	0.014328	0.004952	0.001995	0.003751	Rev3 
0.151731	0.290908	0.189889	0.104098	0.017438	0.014016	0.050935	0.045659	0.023425	0.046148	0.025908	0.006819	0.006813	0.009117	0.011791	Rev3 
0.130356	0.290938	0.155135	0.155974	0.024782	0.028435	0.021898	0.045342	0.036515	0.050049	0.018025	0.021861	0.004739	0.006475	0.004713	Rev3 
0.138552	0.279567	0.171349	0.138496	0.024767	0.020633	0.028382	0.028377	0.040503	0.047046	0.032286	0.018230	0.017649	0.004066	0.004875	Rev3 
0.158394	0.290381	0.150323	0.105517	0.029204	0.010277	0.039310	0.024552	0.027912	0.038482	0.050005	0.013293	0.019537	0.023966	0.012734	Rev4 
0.137418	0.288056	0.177092	0.104087	0.027239	0.010659	0.031644	0.039338	0.042137	0.044804	0.042827	0.014088	0.011277	0.014804	0.009116	Rev4 
0.119808	0.312837	0.176409	0.108047	0.020298	0.031625	0.056591	0.018460	0.024568	0.070778	0.012080	0.005656	0.015640	0.010047	0.012047	Rev4 
0.146240	0.305409	0.178997	0.133423	0.025851	0.014581	0.044827	0.030346	0.014463	0.023823	0.037703	0.015930	0.006602	0.012047	0.004053	Rev4 
0.131627	0.319775	0.236545	0.114757	0.020893	0.015129	0.044204	0.016205	0.012362	0.032532	0.015280	0.011462	0.006672	0.007029	0.010130	Rev4 
0.134121	0.280520	0.144987	0.103494	0.018286	0.044413	0.065123	0.068323	0.034911	0.036934	0.034857	0.010054	0.006209	0.008779	0.003776	Rev5 
0.136705	0.256926	0.126842	0.022160	0.030622	0.105690	0.077447	0.054971	0.051698	0.051199	0.025926	0.021509	0.017410	0.006521	0.008884	Rev5 
0.153884	0.296878	0.138573	0.073387	0.026628	0.028753	0.040258	0.055338	0.052475	0.041255	0.040184	0.017133	0.014537	0.010559	0.004167	Rev5 
0.163030	0.303980	0.130207	0.091241	0.026749	0.025000	0.045136	0.049608	0.043894	0.037127	0.035994	0.012209	0.013393	0.010601	0.006080	Rev5 
0.177535	0.250478	0.124808	0.097614	0.047310	0.018766	0.072572	0.078303	0.035955	0.035174	0.023770	0.008530	0.009480	0.009302	0.004863	Rev5 
0.147950	0.266002	0.124043	0.087503	0.040479	0.029307	0.070540	0.055486	0.070170	0.045828	0.034647	0.006218	0.004943	0.005607	0.005674	Rev6 
0.144446	0.272677	0.132933	0.065433	0.042904	0.043337	0.077478	0.034631	0.065440	0.065977	0.013233	0.005211	0.003615	0.009999	0.017090	Rev6 
0.123965	0.264038	0.128214	0.055648	0.034673	0.059490	0.085231	0.038735	0.074596	0.066030	0.017973	0.004814	0.004736	0.012057	0.024054	Rev6 
0.123748	0.246655	0.150845	0.104095	0.028927	0.026825	0.093125	0.039409	0.049463	0.052642	0.039596	0.005411	0.005560	0.017497	0.010752	Rev6 
0.100169	0.243251	0.148258	0.082020	0.022792	0.070019	0.093549	0.034415	0.058430	0.082039	0.021975	0.006989	0.009263	0.011106	0.010277	Rev6 
0.127872	0.305963	0.226274	0.114023	0.006963	0.015261	0.044629	0.046297	0.015263	0.015301	0.036857	0.010310	0.011580	0.016320	0.002200	Rev3 
0.137616	0.300655	0.201020	0.103825	0.016520	0.011583	0.051984	0.033134	0.017716	0.039971	0.039994	0.013845	0.011861	0.007836	0.007772	Rev3 
0.148221	0.322506	0.180126	0.102114	0.014263	0.006807	0.041434	0.033765	0.020716	0.036862	0.052350	0.008028	0.014377	0.007866	0.004998	Rev3 
0.140347	0.299228	0.174835	0.109925	0.017283	0.005502	0.047873	0.024092	0.025617	0.041653	0.063750	0.012612	0.019183	0.005958	0.006139	Rev3 
0.150878	0.293550	0.160702	0.111110	0.016391	0.002505	0.041877	0.050969	0.027221	0.047911	0.048476	0.016947	0.005248	0.007263	0.013371	Rev3 
0.119356	0.284494	0.215640	0.126360	0.041249	0.010129	0.023553	0.015048	0.034810	0.049915	0.023861	0.016856	0.015106	0.010072	0.008179	Rev4 
0.129564	0.307904	0.198764	0.080785	0.027541	0.017622	0.045456	0.023125	0.034453	0.038482	0.034773	0.020520	0.016760	0.009523	0.009483	Rev4 
0.121735	0.259571	0.185229	0.113817	0.049777	0.012361	0.047679	0.032260	0.046765	0.030768	0.026863	0.012775	0.010855	0.024172	0.019475	Rev4 
0.119810	0.290447	0.173176	0.102455	0.039433	0.010173	0.034160	0.024445	0.040865	0.081920	0.036197	0.016437	0.008414	0.012554	0.004257	Rev4 
0.135045	0.282299	0.151207	0.090987	0.029641	0.003804	0.029201	0.030535	0.065885	0.072675	0.040701	0.015449	0.018137	0.015408	0.013384	Rev4 
0.174670	0.265088	0.106773	0.073698	0.031093	0.042789	0.059715	0.082228	0.064430	0.036376	0.022822	0.009595	0.005559	0.013168	0.006466	Rev5 
0.130976	0.292402	0.132979	0.078893	0.033329	0.040305	0.052051	0.060601	0.047971	0.047848	0.027337	0.011010	0.010241	0.008753	0.020104	Rev5 
0.138711	0.265800	0.145142	0.073041	0.035515	0.041408	0.057194	0.052723	0.057816	0.047389	0.035047	0.008004	0.011172	0.008490	0.017051	Rev5 
0.129995	0.290369	0.158915	0.088032	0.033139	0.036970	0.037742	0.048487	0.049172	0.040410	0.026713	0.010086	0.019434	0.011449	0.013686	Rev5 
0.126956	0.296964	0.139482	0.077031	0.024488	0.039997	0.061015	0.038538	0.049529	0.060396	0.030971	0.010497	0.020413	0.007644	0.009767	Rev5 
0.125397	0.301538	0.198699	0.061196	0.033760	0.063828	0.034308	0.058314	0.029007	0.016083	0.012460	0.015437	0.017152	0.009117	0.019255	Rev6 
0.101616	0.221713	0.127584	0.047748	0.070984	0.110418	0.081103	0.069117	0.047791	0.030351	0.021228	0.015422	0.010589	0.024054	0.016064	Rev6 
0.158717	0.294295	0.163644	0.082926	0.044838	0.034374	0.052106	0.040560	0.035536	0.027358	0.015095	0.012670	0.011051	0.007411	0.014264	Rev6 
0.140250	0.292133	0.126124	0.067190	0.047756	0.067056	0.050418	0.055239	0.053240	0.035088	0.009787	0.021816	0.008426	0.010569	0.009911	Rev6 
0.166198	0.268172	0.129236	0.077802	0.044812	0.034083	0.040285	0.059536	0.046146	0.044930	0.042185	0.021518	0.011127	0.001645	0.007228	Rev6 